A = [1 2 3; 4 -1 6]
B = [2 4 1; 1 3 0]
A + B
A - B
A .* B