v = [33.0000, 10.5000, 40.0000, 18.0000, 20.0000, 7.5000]
hours = v(1:2:end)
rates = v(2:2:end)
total_pay = hours .* rates